$ 1 0.000005 10.20027730826997 50 5 43
v 144 224 144 144 0 0 40 5 0 0 0.5
162 320 144 320 192 2 default-led 0 0 1 0.01
r 320 192 320 240 0 1100
w 144 224 144 288 0
t 272 256 320 256 0 1 0.5543952229466101 0.6269979542435079 100
w 144 144 192 144 0
w 320 272 320 288 0
r 240 256 272 256 0 10000
v 224 288 224 256 0 0 40 3 0 0 0.5
w 240 256 224 256 0
w 320 288 224 288 0
w 176 288 144 288 0
370 240 144 320 144 1 0 0
p 96 144 96 288 1 0 0
w 96 288 144 288 0
w 96 144 144 144 0
w 192 144 240 144 0
w 176 288 224 288 0
p 176 256 176 288 1 0 0
w 192 256 224 256 0
w 192 256 176 256 0
